591
786
413
60
702
736
971
558
633
289
611
588
303
647
500
648
756
974
727
677
397
596
640
902
248
450
497
852
226
315
751
387
146
399
272
563
675
974
73
648
717
883
662
629
807
903
969
103
906
142
896
523
632
896
948
414
360
619
66
297
832
972
732
748
852
239
663
241
427
724
919
148
233
173
57
567
588
630
21
431
235
611
852
703
83
968
910
326
737
279
246
999
72
198
958
770
332
720
838
920
226
949
416
575
302
585
515
44
392
991
795
897
342
438
348
424
274
809
312
195
632
831
648
130
860
682
660
630
108
651
595
56
557
365
659
92
22
996
98
274
272
776
556
295
150
78
798
538
888
315
19
629
234
916
377
732
888
673
112
721
515
814
575
329
68
293
773
879
447
880
581
192
593
830
594
882
947
96
712
266
838
265
937
789
769
688
533
990
760
527
659
713
866
793
823
491
767
779
995
762
816
696
69
870
295
721
376
572
675
116
372
162
587
558
222
138
855
322
944
772
378
505
989
872
867
54
592
454
466
947
17
91
24
531
867
165
397
662
944
369
469
28
766
337
723
699
744
440
103
788
169
405
571
819
659
613
281
273
400
644
483
615
567
862
360
991
596
634
762
691
562
58
449
439
767
926
778
531
799
19
967
867
735
713
983
934
868
326
843
916
334
587
583
150
249
95
473
346
563
687
98
86
621
144
759
380
565
809
298
224
72
248
852
411
631
293
207
112
483
429
429
67
606
758
174
582
630
461
610
914
376
994
226
43
783
41
858
261
346
581
168
507
846
312
464
867
56
54
163
212
313
689
465
511
359
678
758
962
575
155
86
710
818
145
579
594
383
506
57
70
224
771
179
159
466
201
411
41
402
993
741
735
630
778
597
56
723
252
622
977
837
24
15
334
959
555
969
785
78
334
313
833
421
313
853
735
50
963
57
114
510
233
675
127
951
97
603
119
120
370
790
802
891
944
287
115
528
623
590
98
746
293
268
313
698
263
512
562
452
207
625
908
152
299
685
321
54
826
559
550
821
749
213
220
21
444
797
499
529
135
282
119
636
309
537
969
36
772
598
966
472
850
548
405
781
656
856
539
258
251
255
715
748
28
219
975
660
582
917
694
110
928
34
466
769
913
250
155
566
303
251
762
321
124
74
511
522
486
274
339
946
318
858
822
536
112
211
385
974
71
232
560
683
791
747
961
583
923
840
579
749
104
120
988
329
819
116
74
412
727
907
912
338
450
829
504
832
769
607
203
698
659
510
749
289
627
243
51
835
381
88
4
809
922
445
889
910
792
356
152
902
346
742
628
517
610
88
643
854
473
43
727
227
747
933
102
218
856
520
482
753
750
405
202
411
981
369
156
773
713
595
526
588
882
167
840
703
615
427
452
198
498
816
160
951
274
576
285
876
75
265
221
431
344
381
160
593
193
515
406
383
66
361
470
216
218
607
925
777
699
177
806
891
264
580
220
839
834
130
681
905
965
609
630
480
19
567
534
947
633
806
923
675
403
757
765
916
619
404
585
56
328
121
817
696
932
295
1
279
60
885
537
549
446
139
891
930
113
520
350
49
260
535
638
14
843
563
968
702
16
954
395
318
259
663
664
672
247
418
83
167
245
952
349
276
88
156
672
373
635
93
962
141
882
690
370
406
823
592
926
209
530
88
602
73
858
238
677
976
637
356
892
238
220
745
508
639
766
182
56
371
700
971
254
58
377
518
307
965
98
291
546
691
265
710
168
93
664
981
658
918
551
157
312
657
479
706
189
402
565
721
713
98
220
467
95
413
167
355
743
617
995
593
808
263
331
676
75
181
197
640
467
271
59
459
543
856
555
285
495
903
943
267
321
243
841
555
41
25
931
690
61
69
911
17
33
392
130
932
865
200
27
742
847
821
695
686
213
619
647
162
845
676
132
561
238
159
135
168
293
602
581
493
974
18
66
29
402
643
892
893
445
342
85
7
506
178
551
493
738
420
496
734
620
315
799
104
430
263
34
730
896
669
478
778
5
612
502
635
718
670
448
83
131
660
228
13
443
828
624
462
933
11
510
832
52
595
952
910
638
683
520
953
200
749
901
434
224
165
336
237
426
461
273
13
945
834
48
113
530
441
409
52
869
257
138
706
366
838
100
523
803
160
566
872
556
796
771
287
233
114
260
739
878
829
758
318
166
202
943
599
339
424
742
791
989
222
501
250
171
536
653
265
740
197
320
138
276
874
616
428
404
237
290
895
853
157
751
140
126
31
424
115
222
730
900
725
464
509
266
478
103
212
589
754
60
455
547
557
835
88
794
781
359
108
773
912
316
392
332
761
257
42
681
326
642
910
939
111
804
847
767
255
716
545
352
659
343
409
316
878
327
762
962
927
712
817
630
306
444
284
852
488
392
186
397
829
746
423
295
369
719
924
390
273
623
732
17
710
559
241
940
839
163
877
793
170
49
925
863
1
886
884
209
788
309
664
810
320
203
186
624
271
231
476
192
275
887
112
690
953
744
994
160
450
35
741
952
865
165
678
304
681
280
285
384
666
531
209
27
10
275
387
900
395
31
626
778
539
667
29
171
265
922
968
590
537
110
931
307
984
551
470
615
397
26
613
222
308
375
603
589
289
150
533
757
814
92
469
430
600
104
956
861
108
275
370
402
531
492
465
407
940
126
556
541
416
292
275
466
956
246
454
283
639
522
760
87
49
528
907
481
233
463
855
912
539
569
218
262
511
922
235
196
658
226
10
409
324
291
448
36
47
189
222
204
804
417
390
880
259
704
741
940
674
531
803
645
471
827
483
524
486
732
691
987
895
838
941
879
379
790
824
562
595
684
493
71
200
275
732
324
691
598
2
369
103
251
857
198
177
249
494
664
946
50
769
679
813
83
951
948
112
882
605
169
824
697
501
791
582
278
142
146
377
410
542
12
367
616
172
440
54
388
585
971
642
255
70
225
798
954
850
197
184
999
740
508
55
972
904
270
961
927
326
208
78
425
870
164
963
815
368
122
629
571
995
484
632
681
293
357
536
303
617
295
483
181
425
35
836
585
810
477
766
874
897
354
481
117
237
803
261
617
150
291
818
572
17
181
571
569
916
551
327
71
613
747
481
588
843
548
328
741
48
758
258
2
179
498
645
517
978
464
984
18
178
940
435
536
400
418
248
273
126
251
663
778
38
900
832
275
157
966
938
818
695
401
202
751
266
977
699
818
91
364
931
132
180
922
952
149
992
617
376
713
998
334
45
257
651
186
228
200
754
362
203
667
851
447
775
696
323
140
786
238
82
781
964
331
324
102
504
64
649
204
637
80
928
832
59
638
726
632
503
496
738
247
925
161
659
754
731
383
147
196
260
129
46
676
225
637
836
768
154
575
374
798
966
790
312
902
690
586
263
605
981
985
672
100
551
992
586
313
822
399
969
306
134
339
6
572
620
363
866
285
394
533
724
651
94
688
480
48
899
782
456
813
81
946
575
149
812
718
941
806
457
710
508
930
775
820
503
676
545
8
608
6
913
528
457
332
340
502
871
583
446
666
400
560
168
131
158
408
603
63
655
427
622
231
283
419
847
490
426
263
863
394
668
424
597
303
431
671
645
547
469
360
953
413
52
244
660
31
326
955
118
462
300
937
40
665
162
864
514
344
107
292
130
60
683
585
792
436
753
944
869
677
480
730
233
174
449
108
374
393
913
466
233
860
368
986
589
574
173
187
881
811
649
290
78
905
185
741
815
252
179
312
326
496
264
772
859
562
164
241
135
989
681
997
142
761
793
670
969
710
555
488
693
369
523
473
336
76
725
259
707
8
765
510
577
802
518
754
983
384
19
831
623
629
560
16
239
526
726
347
610
598
66
636
280
402
396
124
412
112
237
779
247
305
764
785
467
301
702
860
412
629
49
664
479
429
144
684
251
918
560
700
847
360
541
119
753
311
222
220
918
335
658
618
207
767
776
85
420
554
723
156
925
701
713
875
657
327
430
391
624
903
202
52
325
799
692
136
451
876
580
304
48
493
795
432
865
963
149
498
973
184
865
808
845
905
355
949
23
851
814
534
155
695
602
928
672
722
169
941
639
863
258
617
309
648
444
118
760
579
626
940
570
330
969
556
862
187
917
975
216
136
335
551
877
56
522
868
409
526
863
438
450
889
92
468
492
322
758
976
701
841
245
91
602
352
864
433
103
110
902
140
740
188
165
204
192
845
565
492
118
21
461
29
84
527
53
864
904
886
867
113
28
188
491
587
695
782
50
729
455
99
580
488
324
403
356
110
255
812
445
811
855
513
255
703
257
672
581
384
848
201
742
102
121
193
692
458
251
531
622
221
133
920
460
916
523
331
829
524
609
649
518
794
816
132
194
385
891
146
175
307
342
513
316
887
155
741
670
815
240
344
459
632
505
418
991
426
567
696
622
370
65
286
547
178
253
411
191
530
64
563
230
983
106
589
851
943
113
446
642
787
235
498
650
357
159
501
533
628
469
660
377
526
841
440
737
536
635
115
680
967
209
434
122
468
783
115
560
683
42
327
364
716
709
765
173
434
231
377
564
488
374
342
90
352
942
413
1
584
71
319
420
993
553
535
546
389
420
334
468
112
565
731
537
588
568
608
832
757
968
38
142
329
162
580
99
477
795
139
487
751
964
741
551
720
821
509
101
79
193
936
536
737
633
502
454
724
946
641
430
552
555
995
619
85
300
954
329
826
134
481
355
987
938
315
899
669
177
732
132
948
387
204
27
725
545
412
896
721
243
330
205
95
185
267
602
801
948
48
786
907
131
784
799
831
992
26
534
611
422
422
811
111
623
402
126
308
194
823
287
637
415
946
511
681
381
610
163
380
306
966
299
341
781
664
321
721
925
986
575
668
442
997
478
263
333
420
803
441
586
621
89
433
517
773
742
842
563
9
304
590
222
104
512
645
539
63
256
561
991
763
241
654
900
690
224
806
492
661
940
709
593
379
455
657
486
560
523
821
875
407
668
312
40
160
132
261
197
545
547
530
825
962
164
670
187
403
733
224
591
186
688
486
964
787
124
387
188
225
131
288
255
696
500
39
706
406
414
845
26
843
769
149
596
52
940
947
616
825
364
709
868
105
97
338
584
321
575
415
707
807
182
313
752
949
859
631
119
200
914
792
152
657
405
594
435
446
936
947
867
786
492
39
783
219
973
687
982
168
423
690
881
676
557
582
102
907
80
313
734
758
474
23
194
704
366
258
87
831
345
699
688
870
91
699
747
910
5
711
88
397
73
5
96
979
588
870
549
712
488
929
411
164
469
14
150
10
770
566
837
745
492
402
836
276
576
263
101
283
129
506
247
382
611
931
324
354
483
758
912
896
356
437
526
643
299
82
523
467
965
36
669
407
391
265
274
925
882
17
339
559
146
491
472
477
963
13
414
873
12
605
912
613
121
669
314
72
134
914
714
621
801
598
681
799
549
600
621
826
812
835
590
716
591
67
957
937
289
204
633
255
433
767
740
125
841
323
479
752
905
349
650
727
159
151
754
989
21
173
845
681
611
304
343
380
852
521
832
90
631
554
452
316
675
65
877
541
915
220
40
420
548
414
668
46
722
378
463
717
718
793
211
748
816
102
427
968
536
187
177
764
819
148
591
675
770
509
170
797
34
801
439
519
496
603
652
387
0
815
244
219
962
160
477
950
331
624
234
75
89
853
274
954
613
295
306
705
530
262
149
893
402
884
893
711
426
408
413
914
604
156
809
307
289
958
337
238
772
857
202
124
665
413
123
749
107
969
931
740
481
864
599
380
195
656
991
648
246
106
327
184
774
823
809
700
509
199
122
198
53
504
539
249
240
782
195
503
377
494
666
529
42
701
383
97
270
931
553
985
344
786
213
454
147
777
754
602
7
823
747
913
218
365
202
443
986
46
443
260
380
481
618
938
955
723
513
149
132
650
730
648
78
636
474
223
788
580
171
531
305
534
899
73
532
958
124
945
883
876
563
425
106
24
90
907
969
417
469
152
143
628
357
351
520
471
474
30
459
713
25
398
860
903
495
338
819
398
691
884
593
178
499
685
972
129
125
650
767
22
772
709
981
561
553
361
450
517
176
507
147
133
382
838
125
708
367
942
45
522
471
171
573
8
202
187
478
411
291
115
147
2
808
152
361
271
578
517
596
446
26
671
837
93
323
784
853
529
218
561
157
264
189
639
448
720
644
956
101
25
722
682
456
766
892
527
986
212
933
496
132
652
82
473
538
202
110
302
652
595
811
416
172
283
959
435
625
384
70
571
448
861
412
121
267
637
598
824
766
216
710
325
416
790
404
599
554
738
601
667
794
877
419
640
507
838
757
664
164
433
510
85
653
977
751
795
310
70
323
468
279
499
201
157
989
552
684
515
12
212
916
694
266
434
521
884
577
913
150
276
894
579
539
202
28
293
316
114
656
125
113
51
480
910
745
278
812
704
130
766
633
185
349
314
76
4
747
178
620
596
274
211
783
963
283
695
961
523
910
237
145
182
732
322
665
429
832
380
763
367
603
522
760
325
536
405
815
855
76
44
793
699
63
791
556
566
681
82
68
369
857
33
64
918
983
414
683
923
457
73
380
547
994
380
631
725
871
872
455
875
279
853
503
643
724
359
561
866
990
549
589
957
535
275
84
520
283
337
400
144
721
656
852
920
867
408
902
468
167
975
407
917
621
436
998
574
463
173
889
746
546
119
40
525
170
102
437
156
479
711
403
979
684
132
265
863
333
442
422
433
572
908
830
396
801
948
202
746
470
545
744
647
773
82
111
366
877
723
346
698
923
750
973
956
466
471
94
737
194
639
260
368
739
629
183
133
153
971
801
146
137
236
56
981
443
659
816
7
947
363
706
688
791
498
289
987
604
133
943
417
316
270
976
195
234
936
32
447
89
883
582
366
543
94
355
784
179
933
893
659
390
478
17
561
656
317
891
378
650
830
544
76
273
771
146
580
205
802
104
505
798
461
19
734
176
949
885
625
222
16
452
895
721
200
562
113
309
617
395
73
24
544
996
220
223
38
140
744
299
948
595
910
191
748
109
687
916
753
973
764
433
476
876
596
6
47
839
218
829
847
453
157
121
793
261
963
45
976
141
524
819
677
727
553
96
156
461
397
258
969
650
555
556
7
967
138
145
876
242
804
906
726
963
609
656
149
903
567
725
298
423
689
150
948
547
702
707
832
631
648
791
219
513
111
725
353
352
825
419
84
989
67
412
730
536
300
275
4
85
218
985
574
873
506
416
710
990
349
279
266
710
963
927
168
851
203
222
480
126
586
274
64
307
944
221
829
203
247
399
584
812
63
170
523
771
548
396
480
181
805
72
154
159
977
876
673
8
421
489
1
753
906
367
911
859
831
281
471
378
111
335
222
421
490
380
568
805
760
693
168
993
545
553
503
899
64
877
169
1
584
382
845
218
19
849
375
426
554
935
814
73
949
622
866
326
659
858
627
354
776
146
161
848
300
836
998
647
217
671
311
390
390
683
185
424
347
912
62
838
588
495
219
355
217
635
854
15
286
616
169
9
474
495
652
778
407
383
605
501
166
231
871
398
332
861
607
843
183
574
893
154
527
57
977
61
19
442
924
285
676
327
504
346
799
296
214
727
396
946
438
778
762
742
874
274
847
74
534
412
634
722
804
93
804
581
300
762
606
899
485
743
4
453
334
952
820
89
635
110
844
768
866
101
597
824
990
915
729
435
897
688
812
399
703
715
658
203
555
969
132
9
131
544
846
633
554
702
46
809
995
615
461
25
875
738
885
11
178
734
783
516
63
242
264
349
673
352
359
814
748
599
650
521
410
387
964
312
293
277
989
453
992
260
442
527
676
184
584
481
578
777
735
107
2
311
670
803
426
786
673
877
261
688
368
785
837
757
335
630
218
945
978
995
527
701
55
657
567
3
774
31
650
91
386
230
713
698
773
518
5
683
585
499
835
349
144
851
164
417
436
551
79
580
220
550
528
784
492
577
42
912
281
303
565
342
22
391
898
920
574
71
744
272
265
754
809
987
243
826
896
155
777
252
508
943
118
792
32
354
959
666
156
120
556
268
853
685
69
91
879
609
767
398
466
277
292
252
603
759
332
473
55
773
678
751
65
198
830
614
512
307
24
220
127
910
798
944
285
882
3
589
778
158
430
581
940
93
121
960
453
288
737
64
200
333
307
795
539
694
87
50
460
900
208
397
205
483
333
384
23
668
503
904
937
625
960
892
584
226
803
278
397
622
939
485
693
647
960
993
490
984
250
431
209
302
836
415
776
40
238
895
6
369
863
79
589
880
263
81
421
963
956
354
510
450
329
585
212
24
591
199
56
104
631
809
21
403
123
997
726
121
215
520
596
774
646
687
784
3
195
915
280
309
982
659
392
559
205
783
523
262
599
143
991
93
50
617
409
870
527
67
50
191
723
764
466
249
592
591
558
936
247
970
254
169
542
807
898
551
27
915
493
887
856
324
971
769
654
584
719
450
338
699
713
476
346
572
742
108
777
952
361
383
484
671
401
771
268
628
128
799
915
341
357
654
991
131
137
758
976
902
958
527
527
307
758
52
428
557
399
229
17
489
725
955
737
582
697
356
741
486
662
666
400
297
236
283
923
238
893
759
250
641
877
928
838
99
670
181
940
476
896
923
528
986
189
574
36
944
246
102
704
855
42
960
428
494
902
456
640
232
958
77
977
412
293
978
131
769
984
899
611
959
72
54
831
54
473
121
302
466
728
308
537
136
510
651
606
975
797
59
237
496
657
394
733
283
675
807
983
443
146
849
307
488
287
404
910
135
899
333
285
368
105
823
971
728
993
831
710
214
295
675
191
348
475
791
238
946
969
903
525
876
624
374
647
620
811
293
622
765
63
957
753
667
576
727
63
356
340
926
427
473
225
329
899
419
854
29
666
129
678
922
545
901
266
848
890
467
470
447
350
81
762
146
928
718
783
262
414
632
802
156
366
399
631
478
458
291
237
67
211
263
192
739
823
119
914
266
54
426
534
116
912
579
163
109
177
7
258
14
638
886
775
250
300
880
795
255
697
377
368
837
899
396
366
755
736
854
259
83
294
154
860
442
719
125
224
10
950
186
136
340
81
231
777
407
672
148
498
966
461
60
843
274
649
359
350
455
94
339
959
294
529
793
283
77
181
212
375
120
967
367
102
53
794
886
691
509
344
128
539
828
139
72
903
585
592
180
668
211
240
173
992
780
315
453
260
52
364
469
432
214
658
661
600
350
748
749
245
577
601
44
503
964
451
128
483
774
631
749
545
340
394
7
271
886
977
936
757
895
900
421
776
221
853
967
284
991
308
216
751
492
398
271
776
649
480
813
514
419
254
736
491
407
246
500
501
265
976
715
394
998
140
497
770
121
715
14
724
736
952
254
86
951
862
437
809
797
948
716
463
694
599
750
125
783
802
507
292
961
543
160
837
236
565
287
438
101
934
650
358
18
236
721
933
678
46
774
642
711
756
808
140
644
767
762
255
448
477
531
519
747
552
18
438
835
440
55
385
948
164
380
698
879
23
936
262
891
925
724
663
71
764
81
737
711
386
761
211
49
442
417
932
712
644
136
126
492
724
494
970
700
710
160
784
148
941
506
66
10
651
787
627
180
818
433
135
506
423
678
419
207
220
296
15
97
606
445
550
740
227
735
726
547
468
434
888
875
114
389
349
619
54
629
926
456
41
795
441
834
250
544
233
69
525
787
98
383
997
183
471
567
14
609
39
980
111
425
467
6
125
223
356
682
388
429
100
175
357
522
798
971
953
909
14
114
362
438
717
629
21
372
403
285
66
153
67
189
532
676
366
318
236
893
67
998
340
486
607
467
280
23
421
185
902
505
459
212
370
426
223
56
656
550
503
651
185
368
911
713
529
838
278
600
860
352
921
918
273
68
842
554
941
646
906
511
558
163
179
927
417
499
646
886
27
743
715
228
153
232
43
341
743
712
440
80
282
694
813
308
731
519
395
246
373
810
767
778
540
976
528
73
443
178
800
428
35
697
160
9
137
953
974
259
851
537
593
109
623
476
321
755
192
607
579
686
42
392
244
880
939
716
684
521
559
199
649
416
234
353
780
284
349
483
181
451
997
534
185
91
66
288
193
34
63
127
187
341
630
357
342
303
878
498
977
252
386
208
913
594
950
577
227
757
949
273
275
348
488
691
822
663
321
572
87
820
937
757
513
244
69
646
137
897
331
693
468
666
653
714
930
555
665
133
3
914
208
285
429
728
728
804
978
124
349
699
551
645
91
158
620
489
819
306
315
905
181
97
779
135
44
278
766
826
638
915
858
644
910
249
47
863
408
773
940
121
327
283
258
116
236
326
852
975
402
876
979
231
535
344
168
809
288
964
578
208
785
424
425
103
13
171
690
922
944
132
24
574
872
761
499
373
522
196
604
397
186
19
691
969
289
572
866
674
504
32
218
359
800
492
115
835
552
92
245
618
166
848
18
859
508
206
907
802
782
495
339
490
417
409
770
175
943
334
649
855
802
887
102
633
535
265
258
141
801
101
351
107
256
357
892
238
388
402
452
996
42
843
853
522
498
861
842
895
658
771
669
173
120
276
311
166
624
425
494
693
678
587
71
141
936
853
752
542
261
167
673
971
265
104
790
39
524
716
639
434
577
17
536
948
323
728
960
216
359
671
417
406
401
752
816
462
908
832
43
98
693
920
159
621
355
993
414
855
64
478
41
885
383
873
643
61
546
259
802
746
819
447
461
555
397
369
513
456
541
877
2
913
538
508
294
436
406
927
619
297
192
692
382
902
116
718
747
253
790
313
92
261
240
916
49
143
459
792
36
51
811
702
363
103
655
272
231
461
205
124
201
699
772
82
990
722
234
674
799
684
768
957
696
898
647
191
978
520
153
212
869
864
487
441
313
573
882
368
138
509
983
960
371
143
986
935
990
445
927
20
22
737
994
333
450
762
726
811
66
249
474
167
40
604
573
188
692
948
250
345
675
621
415
569
524
453
120
732
352
552
683
860
239
76
136
348
773
509
954
469
38
226
756
303
283
721
991
784
453
757
457
958
733
781
869
697
254
439
595
33
183
683
98
38
455
949
602
627
528
190
968
989
674
48
827
379
468
303
528
863
360
858
587
247
422
875
912
804
622
391
246
612
283
662
942
297
682
746
392
701
127
332
199
554
195
631
415
528
272
226
14
137
945
122
78
850
300
905
56
415
672
817
862
840
937
769
469
704
24
803
189
461
897
275
743
184
908
78
811
767
100
555
771
939
712
364
944
582
864
451
764
725
194
444
959
316
964
267
986
306
1
459
705
851
688
765
490
462
95
798
769
751
262
194
293
12
592
523
243
252
282
379
694
451
750
455
819
756
18
172
662
49
128
359
275
812
733
783
494
513
158
872
667
789
391
781
188
548
644
92
798
735
380
809
207
933
929
984
769
125
130
285
592
945
748
14
701
483
759
638
609
231
8
673
915
96
118
843
369
478
13
799
165
294
877
322
114
489
873
860
715
17
514
459
112
483
108
603
349
644
348
300
355
756
707
734
610
305
996
193
486
17
132
538
856
150
869
424
678
13
38
600
923
293
604
125
364
295
690
30
491
414
547
989
49
204
359
866
444
227
672
576
622
445
176
550
803
306
568
259
865
835
213
651
51
965
364
72
103
74
788
230
904
195
725
11
182
641
254
526
862
857
308
575
226
156
765
852
86
614
282
568
846
816
785
883
432
326
825
462
768
735
339
723
710
872
691
847
42
312
258
434
469
633
257
756
302
943
922
921
893
101
656
904
745
704
259
336
605
337
891
114
791
834
2
423
470
255
46
486
591
120
454
445
686
947
984
69
850
538
273
619
748
537
152
90
644
738
19
207
102
262
381
22
162
228
483
690
537
779
798
16
591
351
34
663
658
903
238
495
555
404
504
380
977
256
790
935
830
497
352
98
471
545
333
130
243
996
123
637
641
448
222
457
981
654
442
810
411
325
479
949
721
776
62
638
428
232
127
196
298
5
706
508
569
953
543
360
829
598
717
688
739
32
970
851
501
267
764
846
263
14
545
427
463
946
114
505
440
393
497
783
504
84
214
575
84
954
372
884
463
297
600
378
108
513
429
598
570
494
369
835
472
263
579
408
145
809
744
706
64
199
497
232
361
953
457
69
326
350
789
647
2
817
973
416
691
782
336
43
411
434
803
66
154
608
199
499
67
649
415
759
534
460
718
407
495
85
480
637
254
166
670
144
427
261
483
985
691
586
635
312
426
959
930
417
432
842
926
338
407
182
667
401
983
405
732
467
743
307
62
296
758
778
344
445
906
279
54
300
415
721
587
401
824
939
321
978
849
272
849
742
403
842
74
275
416
11
332
77
904
152
228
174
196
301
395
464
111
477
961
412
370
481
133
508
497
722
898
916
20
230
556
108
801
325
447
857
928
565
9
870
741
465
21
505
170
220
705
491
779
88
165
267
606
355
502
628
142
860
826
591
545
826
299
60
532
378
289
637
174
491
694
158
232
249
512
873
564
277
755
960
525
882
887
8
315
971
72
382
642
88
653
932
160
964
426
350
662
838
499
551
90
421
741
895
72
777
74
700
821
602
174
478
908
335
441
533
669
294
482
108
689
550
703
46
150
596
43
8
571
923
325
660
861
514
162
887
420
934
892
998
479
95
531
98
743
42
311
299
920
69
989
199
663
276
715
93
1
233
948
738
398
770
570
81
142
30
113
259
905
829
734
354
951
66
389
839
661
381
481
379
743
524
81
686
753
913
739
400
312
701
793
573
725
228
44
170
527
146
631
159
873
640
965
177
561
113
602
469
932
433
14
768
831
309
338
77
338
700
274
831
950
155
517
768
518
898
268
949
268
36
613
726
890
722
816
192
820
260
858
523
516
138
881
938
739
697
539
446
609
694
660
405
455
332
12
956
316
420
432
789
247
184
61
302
493
955
898
178
964
336
484
577
388
722
38
640
980
29
25
765
448
251
722
164
702
64
47
542
667
14
595
341
193
961
559
889
189
353
971
969
731
613
486
778
93
350
759
968
367
408
308
495
552
751
658
291
805
34
444
355
818
274
139
715
155
441
13
865
711
908
959
690
399
689
856
613
565
50
213
658
613
650
934
423
812
578
183
480
273
786
496
547
654
202
475
910
218
477
634
945
512
699
215
256
65
619
110
936
186
874
294
644
169
475
590
746
933
344
922
550
423
985
646
742
885
503
999
500
475
21
174
393
520
243
44
110
175
304
93
242
104
312
696
868
324
959
465
409
316
370
48
316
30
924
404
436
486
120
291
556
246
694
414
485
140
96
461
219
312
119
26
190
793
961
250
330
549
224
862
694
182
410
174
709
239
282
522
647
385
30
573
835
550
609
895
216
503
707
215
317
223
801
798
381
868
437
496
398
88
389
58
54
947
634
499
140
721
135
418
812
399
280
411
205
820
439
906
268
966
519
50
398
104
579
524
376
148
540
514
363
806
765
412
202
848
849
194
120
79
216
849
940
427
279
670
330
877
744
718
220
865
325
226
458
131
564
332
980
970
670
6
242
285
301
730
447
821
981
49
130
508
418
829
8
885
334
720
597
147
536
70
8
517
867
284
491
243
375
419
756
753
494
621
837
165
280
868
280
624
801
358
736
700
559
810
612
397
448
886
297
135
105
906
638
466
689
59
729
173
29
344
807
808
857
538
38
741
266
602
214
215
904
66
960
1
388
98
866
731
350
155
58
136
89
357
150
991
241
953
136
732
72
579
797
407
948
291
381
806
299
730
867
379
932
161
895
818
842
528
552
987
795
129
526
217
792
979
826
851
230
448
153
341
961
306
226
92
718
851
852
750
344
435
302
601
59
310
577
281
561
390
520
41
96
231
290
424
762
237
655
288
226
872
689
812
704
462
954
240
543
955
943
898
983
899
612
194
711
756
99
142
638
596
335
227
918
156
72
262
605
241
44
281
509
418
366
379
737
41
978
878
138
683
958
112
366
157
757
673
549
458
984
940
636
106
179
277
319
578
147
409
62
732
779
40
175
408
8
985
60
640
451
743
724
289
568
629
405
213
654
386
693
482
797
403
841
604
999
513
36
101
33
687
326
316
240
764
489
811
392
810
624
255
963
598
441
282
618
160
218
395
509
383
203
642
20
107
773
414
906
282
29
466
417
283
617
948
857
639
485
12
233
54
960
335
61
796
15
748
181
236
831
972
408
547
802
394
165
386
948
678
827
645
270
4
334
217
2
672
829
88
822
822
432
969
66
71
24
93
673
937
865
796
118
9
150
967
858
975
145
483
879
776
400
316
780
340
604
61
463
602
80
275
884
751
567
144
540
951
889
708
306
89
369
40
3
477
338
567
609
797
889
963
343
4
127
850
925
348
505
914
224
159
476
851
131
523
638
34
962
554
723
642
886
511
286
516
901
619
715
980
641
86
215
367
884
487
775
85
949
353
710
613
317
558
281
962
706
841
59
744
531
601
151
237
131
911
162
472
418
553
747
674
615
775
943
121
575
363
18
822
771
587
464
213
409
538
876
492
285
403
899
60
945
250
126
994
417
972
798
446
297
139
467
327
246
646
268
693
25
198
345
773
19
893
15
696
867
355
713
571
180
173
382
731
540
644
958
631
948
183
811
110
611
86
553
457
531
722
375
998
640
663
205
744
324
677
297
950
84
11
534
323
689
892
622
4
668
710
584
401
167
921
434
371
214
311
674
293
224
907
306
57
128
454
405
75
859
115
858
984
47
741
830
864
703
850
619
403
335
209
95
653
424
773
576
706
434
552
70
903
563
877
83
907
263
467
763
327
128
606
43
396
161
752
551
558
556
897
507
764
82
28
512
646
888
126
123
767
20
228
394
573
253
225
72
752
888
221
7
225
7
476
421
98
320
203
71
517
127
714
40
513
121
733
805
615
714
983
499
218
340
548
793
427
688
851
601
374
178
528
922
838
34
930
470
283
225
442
399
350
195
330
339
203
717
365
172
78
459
53
469
834
823
874
253
307
430
600
833
793
149
419
750
29
949
261
505
643
960
495
640
163
39
882
885
294
825
489
565
408
743
76
193
843
661
326
176
900
938
159
878
168
413
315
840
131
484
300
860
842
811
797
708
814
291
641
760
186
967
488
457
640
169
400
535
523
752
649
228
110
545
197
164
958
189
452
551
896
403
120
316
233
335
177
286
412
40
270
144
498
375
116
873
536
485
812
617
46
895
319
415
685
683
754
56
328
563
551
393
678
792
993
788
828
685
98
42
66
184
349
55
607
366
294
664
900
0
620
624
572
239
905
427
98
365
887
725
808
996
743
435
871
599
592
246
523
182
138
86
889
30
133
342
422
983
155
27
142
248
976
861
593
980
679
226
666
908
556
260
199
82
740
950
601
424
447
905
558
131
727
685
249
151
574
930
424
874
347
284
87
905
461
59
532
301
474
874
930
914
772
45
729
556
259
313
662
558
645
650
244
896
132
224
265
485
588
314
941
427
576
905
45
952
911
927
582
578
801
632
278
496
982
370
461
556
697
155
705
278
789
719
933
223
693
418
566
690
567
298
686
154
406
780
118
92
494
964
805
819
200
285
827
757
718
302
954
127
48
760
676
378
200
632
233
806
308
775
285
743
151
993
537
327
308
747
768
413
46
509
473
361
860
739
540
514
480
806
162
987
83
714
506
968
368
374
480
114
168
305
314
796
241
55
569
857
956
366
628
305
643
49
668
820
471
851
612
278
887
107
601
526
767
803
48
509
663
824
460
459
742
485
801
279
266
185
335
433
777
939
569
623
433
774
121
284
340
520
87
484
60
312
746
75
935
168
264
105
284
436
375
315
14
469
908
248
702
866
403
902
743
791
7
103
717
384
310
761
749
22
740
963
269
279
700
407
214
697
669
41
463
168
65
897
966
551
805
993
837
357
131
904
429
790
474
28
273
143
805
874
566
597
199
675
822
732
88
499
196
680
14
576
922
667
478
974
317
877
922
887
785
940
705
755
301
121
425
142
942
187
861
807
103
285
324
682
209
633
227
542
860
706
225
981
575
696
387
945
503
405
455
488
757
411
421
585
269
314
307
816
450
76
262
504
232
17
832
378
492
796
523
197
247
813
596
828
481
815
363
159
918
120
111
896
576
821
213
714
484
516
868
460
492
604
420
112
739
947
172
966
945
758
134
106
380
888
222
535
54
313
993
487
395
493
113
351
444
471
439
294
385
15
722
193
59
849
716
680
938
41
653
187
949
897
876
649
438
315
690
148
508
388
349
141
943
195
449
86
954
157
911
187
999
16
165
753
20
486
95
104
531
914
817
295
132
799
380
954
182
876
19
389
569
577
712
749
734
57
372
433
366
661
180
102
486
664
234
665
945
337
911
321
717
918
68
286
759
876
498
156
621
897
843
941
426
438
535
673
335
284
156
172
113
493
66
976
937
320
24
658
189
177
23
761
553
477
546
374
378
236
962
905
942
653
858
992
933
480
667
580
197
916
89
134
577
887
440
611
426
83
250
323
222
793
140
38
566
673
254
721
706
801
292
124
678
13
503
19
66
343
824
269
386
538
731
57
99
44
257
555
303
566
60
36
205
287
412
898
610
86
433
414
775
671
949
20
134
341
900
835
629
231
304
734
572
247
413
682
249
621
838
239
744
923
99
118
818
634
279
416
981
881
190
691
321
748
748
342
56
647
47
874
202
589
961
492
265
858
985
113
339
479
404
356
548
117
825
251
344
483
563
443
771
140
370
419
428
601
510
888
558
980
250
734
350
36
423
149
296
368
821
413
196
676
856
499
186
450
68
146
994
218
815
298
484
454
688
823
416
585
972
267
293
87
816
965
76
546
561
228
555
672
68
463
173
705
806
44
99
335
845
454
489
261
908
721
895
759
98
461
988
208
944
904
877
305
991
111
524
878
211
232
979
518
147
56
416
993
863
282
244
321
426
933
885
627
882
63
157
421
426
455
614
750
717
302
557
714
146
997
934
257
141
973
780
724
504
259
383
642
163
804
894
369
644
861
656
732
39
736
168
574
239
964
182
132
718
550
142
533
218
273
847
302
273
137
939
637
612
10
612
421
151
136
683
371
461
706
23
448
287
908
173
708
977
916
880
33
418
80
170
775
397
201
556
212
152
110
935
847
220
969
730
12
615
619
908
932
781
35
530
405
737
450
632
502
326
984
346
259
490
679
330
141
64
697
815
191
663
47
734
148
857
627
729
497
966
549
72
388
511
684
875
553
544
131
326
918
843
811
52
360
217
743
141
172
983
618
787
134
7
193
22
750
580
652
477
112
771
553
687
85
878
170
990
963
6
66
717
530
835
493
954
499
147
791
869
648
734
307
254
553
914
456
692
741
975
495
486
227
535
230
318
899
991
356
370
884
905
410
562
116
483
299
375
570
2
223
701
237
408
378
67
760
118
226
577
797
411
243
929
602
736
30
882
16
653
368
649
49
105
307
769
494
218
656
152
567
832
323
172
396
538
760
853
298
71
450
441
149
538
717
904
869
103
390
195
950
427
759
433
230
392
84
512
608
346
373
27
199
429
525
831
518
295
984
966
619
920
947
206
790
40
832
955
284
149
117
773
823
950
924
377
44
575
700
586
865
929
118
287
765
977
920
170
333
919
723
693
20
721
987
443
936
635
193
837
713
958
23
876
885
490
765
514
10
826
438
23
722
903
147
656
262
963
10
793
557
415
588
709
816
910
107
108
745
324
950
529
880
211
806
809
293
770
606
835
851
276
857
946
524
461
279
439
764
333
723
840
791
485
158
779
780
25
183
524
271
896
901
507
861
470
188
466
131
22
359
120
54
860
981
687
590
676
129
908
31
901
670
661
672
721
279
714
813
673
752
616
681
677
843
254
821
714
294
131
687
305
935
10
672
413
752
140
549
375
579
951
383
4
650
738
270
42
599
574
885
750
584
403
715
529
177
32
13
115
289
527
977
69
917
346
384
11
725
376
929
271
510
958
818
410
415
856
740
380
359
120
208
913
503
723
396
106
759
895
18
76
263
111
518
966
468
740
796
570
11
502
992
331
777
964
375
475
673
529
218
623
436
525
672
297
458
227
997
349
2
958
242
510
358
620
355
915
496
409
999
688
474
770
823
409
441
41
757
551
352
672
975
800
627
318
520
487
842
611
249
242
227
912
653
372
163
875
332
415
76
251
373
741
181
940
663
118
238
943
200
643
105
522
813
522
197
598
286
737
68
101
802
808
273
792
780
444
335
824
621
110
107
175
648
227
96
889
501
957
315
989
586
317
68
812
714
667
660
482
968
438
385
189
942
366
339
991
953
362
493
842
492
599
232
682
201
362
24
470
909
688
204
213
816
855
874
195
743
321
827
810
464
839
957
618
546
28
95
530
798
907
348
277
340
503
0
692
620
921
811
625
125
960
49
752
425
662
908
915
194
969
91
101
250
18
173
618
302
449
30
572
976
526
84
251
958
776
284
624
503
338
789
743
396
187
85
487
453
928
813
732
990
928
971
756
314
101
229
391
161
832
56
191
184
124
998
703
62
271
944
723
519
48
471
273
562
671
365
938
559
530
258
91
333
37
896
512
332
730
943
846
60
175
360
385
390
92
376
692
66
551
743
643
710
81
498
581
893
982
736
400
396
191
934
550
606
599
253
146
100
784
830
585
874
775
509
347
330
587
636
942
106
954
510
274
50
909
837
63
175
581
69
340
221
889
827
449
516
566
671
429
218
349
419
137
634
976
797
977
253
69
703
640
314
906
559
819
245
537
224
503
49
698
737
37
769
510
713
835
500
978
562
330
16
940
829
446
988
174
853
654
909
81
648
484
341
484
351
127
796
852
865
688
597
456
338
470
370
760
928
632
370
653
913
473
740
963
586
603
911
64
493
248
798
280
571
983
137
230
408
271
298
215
376
262
177
247
678
466
314
319
369
67
216
123
326
835
977
445
699
835
668
143
819
386
658
721
734
0
968
214
482
374
1
309
986
840
514
361
994
87
474
251
758
343
552
826
306
706
339
996
976
737
26
461
573
975
212
389
944
556
695
350
966
692
613
226
978
370
34
857
436
271
171
658
147
558
716
540
800
891
392
32
599
759
716
620
743
962
159
981
189
872
299
955
563
941
355
823
388
739
450
695
790
729
292
587
680
882
523
75
994
162
839
243
944
942
145
28
410
352
417
937
520
672
651
566
198
878
267
306
950
635
601
106
459
80
661
193
600
977
160
211
344
967
949
317
654
900
356
400
855
479
618
724
186
725
540
1
182
128
766
83
293
661
541
223
690
248
654
140
506
673
336
885
872
377
236
903
957
61
244
503
908
515
850
368
16
649
948
676
633
262
450
852
389
689
870
953
48
99
69
259
867
886
685
630
704
299
395
837
239
148
13
166
554
244
651
235
56
956
572
165
132
132
153
951
245
476
326
106
150
335
242
461
775
797
412
264
860
921
476
606
866
914
893
524
784
75
249
64
448
348
600
15
648
443
250
951
852
521
618
769
636
639
420
884
958
270
193
829
295
423
320
75
256
132
98
522
695
306
60
251
568
269
733
808
694
586
215
498
384
174
517
931
401
58
373
312
36
525
325
778
187
928
236
448
196
823
37
665
849
649
429
378
410
700
464
478
749
716
428
413
638
4
191
365
69
653
267
821
31
64
125
415
481
706
934
495
419
750
783
21
866
985
620
996
215
206
598
871
920
83
224
32
734
399
791
746
726
387
778
697
128
843
580
580
672
629
705
19
421
145
775
468
288
393
66
658
360
237
27
558
855
607
207
803
63
433
288
30
890
265
465
582
679
693
247
594
855
875
851
573
534
702
788
199
671
404
855
204
489
673
758
903
911
713
798
129
480
977
562
84
746
729
385
892
466
993
398
441
5
882
367
437
248
806
142
471
945
530
478
287
897
625
184
373
571
403
47
467
751
53
738
557
618
298
960
467
206
595
427
210
524
552
871
828
780
22
162
606
11
22
820
160
166
478
608
100
103
591
684
667
250
451
770
6
699
460
99
480
314
994
493
782
28
706
782
378
897
829
893
241
598
887
405
707
45
195
20
699
480
680
429
571
906
586
284
274
30
811
563
596
909
755
423
770
388
784
757
849
989
606
60
834
364
160
886
725
588
859
121
328
543
390
543
855
398
610
657
118
722
451
584
376
74
181
858
707
18
806
365
107
385
867
281
407
247
417
792
455
533
474
594
2
416
838
636
125
600
770
363
80
441
623
735
939
363
239
656
481
420
571
21
336
930
746
527
553
69
541
518
368
941
13
634
158
172
870
725
264
282
22
551
616
130
606
46
864
563
732
540
29
966
112
169
511
804
733
838
686
390
741
570
193
75
714
717
467
749
633
535
20
50
886
888
471
988
854
370
351
698
722
998
274
948
401
705
120
590
660
279
539
606
814
57
200
538
632
627
898
110
411
58
860
549
562
644
306
700
390
8
625
295
201
429
309
859
304
666
128
602
933
159
920
306
669
435
736
654
430
733
32
665
703
356
55
902
288
29
573
909
446
571
598
883
19
549
842
938
781
157
202
451
22
485
707
874
87
500
2
103
432
506
623
931
546
621
34
413
949
779
642
951
358
101
770
763
49
33
880
961
347
530
178
868
194
682
105
339
740
631
90
802
921
302
415
449
104
475
970
509
938
994
176
825
702
436
392
6
618
420
668
275
768
818
782
776
498
548
141
480
458
284
259
45
683
381
205
949
488
531
634
938
269
225
756
426
691
835
870
720
174
261
881
96
21
414
598
610
1
469
421
175
747
734
476
881
810
182
153
763
841
194
479
216
934
810
761
21
812
838
422
554
212
516
57
41
496
1
289
889
273
883
125
10
551
67
189
748
743
850
348
496
664
722
995
320
515
461
488
974
723
388
987
460
445
206
290
926
451
735
68
38
122
987
265
125
273
426
367
363
573
8
622
932
397
525
298
639
43
104
534
727
389
203
382
698
228
312
167
800
715
673
414
456
581
703
177
320
39
505
776
846
587
781
614
207
246
727
974
167
111
960
418
26
476
384
708
98
230
923
954
238
642
454
46
843
142
889
281
407
217
285
515
114
66
74
80
220
265
967
177
948
232
888
457
400
994
296
7
570
358
639
40
878
316
233
140
765
242
799
76
811
181
37
798
506
337
91
460
298
682
459
973
778
449
965
895
884
187
674
172
856
929
216
619
216
5
858
799
481
996
797
393
426
330
559
985
673
64
115
689
114
480
292
934
145
198
333
276
4
675
1
101
547
93
466
634
642
865
300
775
10
187
318
896
713
352
669
865
710
799
528
264
848
225
992
981
429
416
274
73
998
844
118
106
337
506
410
961
731
893
338
433
453
497
81
834
56
744
951
186
536
783
88
553
606
149
322
482
348
902
557
559
295
492
99
569
532
253
676
853
785
133
486
980
568
995
549
38
364
575
746
441
535
989
452
361
81
471
342
596
653
927
19
938
246
714
366
852
811
19
143
621
620
129
175
924
585
869
642
178
922
505
399
899
434
421
952
743
473
984
713
866
73
96
403
719
96
50
55
449
234
516
851
580
607
628
184
804
285
417
700
260
494
50
745
885
438
663
618
70
647
881
250
63
517
457
448
342
218
874
639
399
498
151
139
233
963
538
319
151
312
278
693
375
678
100
859
314
615
679
452
335
557
833
734
286
512
860
222
54
583
33
793
941
450
952
53
708
290
128
346
713
754
917
684
705
504
686
46
474
530
856
954
727
903
320
961
300
908
570
709
33
496
744
512
419
843
741
992
454
368
482
169
924
957
363
539
773
293
994
84
57
127
303
896
436
51
210
52
136
817
127
651
768
566
731
481
442
347
555
605
169
190
207
264
622
599
193
894
941
750
634
718
440
865
404
345
719
194
584
5
933
813
454
627
684
937
618
692
291
803
319
948
999
255
384
357
20
12
768
359
161
328
156
405
220
98
607
940
216
773
824
507
33
379
219
397
14
766
573
313
574
740
771
873
968
107
772
354
925
753
717
989
981
821
817
303
996
715
481
414
509
135
933
983
326
600
447
486
930
950
196
803
136
126
632
686
671
129
265
526
209
423
673
989
791
221
595
516
398
17
7
369
942
453
118
902
845
112
377
19
915
102
661
286
216
380
31
44
212
576
592
934
529
741
259
677
325
820
460
590
373
856
129
301
675
891
620
340
610
298
574
812
392
782
111
164
851
631
177
100
390
870
274
114
292
865
323
698
413
564
887
251
715
16
553
876
6
15
792
776
725
733
289
707
600
970
296
987
537
226
283
910
143
139
828
6
882
962
423
488
982
651
624
403
848
847
790
449
933
460
427
154
719
880
72
156
716
797
466
571
134
491
735
77
228
8
219
134
124
29
563
978
307
389
710
368
858
150
459
844
961
850
339
188
144
41
627
63
236
522
512
369
24
735
521
651
168
636
566
39
7
968
177
563
509
293
736
379
775
310
833
378
174
954
190
915
418
545
928
869
598
757
361
82
520
515
898
280
436
9
96
956
651
901
367
314
311
444
370
326
106
680
636
130
545
109
573
502
919
203
575
886
58
950
610
535
517
138
319
611
893
478
347
749
531
748
385
435
36
86
118
748
616
215
92
473
496
878
335
302
334
996
405
889
818
105
427
791
410
426
603
934
479
