227
990
387
478
929
102
916
536
280
537
860
260
309
428
975
559
286
229
735
328
855
550
532
600
554
197
122
740
309
420
739
303
372
165
683
210
286
527
341
831
911
480
544
687
224
406
876
481
608
896
58
321
603
787
807
100
655
444
642
191
198
824
938
781
541
956
174
423
425
111
714
622
764
44
652
581
52
405
237
534
170
619
103
460
807
262
123
358
539
259
960
655
679
22
519
798
353
982
376
536
941
839
895
909
893
263
209
515
179
690
456
171
87
338
635
725
867
557
271
369
757
128
618
494
265
231
457
818
179
337
722
243
685
421
35
656
125
556
967
685
406
102
287
230
783
422
714
458
769
322
726
818
223
158
798
563
240
873
12
197
323
63
389
250
485
541
429
806
305
758
288
211
725
876
753
511
298
265
648
225
919
656
625
224
585
234
327
634
559
508
762
885
453
869
364
263
101
365
614
551
788
400
279
682
341
698
311
603
845
133
186
927
236
725
997
331
839
419
938
63
995
29
898
382
277
100
770
216
441
284
728
845
179
246
174
956
946
24
270
966
615
254
966
158
482
645
237
748
202
620
775
720
544
94
761
940
482
957
433
764
19
920
107
177
333
72
971
206
249
640
451
260
832
170
209
817
853
607
835
841
225
490
158
158
68
820
634
18
907
966
707
17
672
373
141
578
591
699
311
221
743
476
108
919
61
324
667
967
814
248
356
879
164
589
585
36
198
718
781
987
978
702
540
519
518
727
373
897
280
274
615
948
733
672
88
989
758
910
819
948
189
284
663
417
599
785
997
792
482
884
736
84
387
752
805
492
168
798
857
310
449
804
470
296
611
888
249
198
83
965
319
732
495
381
399
947
301
920
282
567
786
434
846
615
23
939
858
317
190
132
756
94
869
938
256
182
380
870
123
293
951
717
687
541
528
282
709
781
348
708
36
377
943
195
59
408
155
791
372
268
821
264
194
637
270
998
36
827
426
261
833
612
338
174
262
701
205
185
224
200
498
899
571
534
651
644
963
520
856
260
400
501
926
211
364
707
840
264
687
304
545
669
256
918
839
974
392
755
643
365
285
841
802
684
176
324
623
96
79
192
692
694
700
287
213
227
874
970
963
501
286
339
219
973
442
478
472
478
888
822
504
54
420
341
478
352
622
924
987
140
399
46
647
54
305
496
693
803
355
756
216
748
739
356
136
896
272
389
732
114
710
210
578
566
73
224
22
195
923
579
936
331
177
548
305
382
343
338
392
919
307
74
610
343
670
775
967
810
381
158
901
973
924
275
618
672
580
51
582
672
347
22
626
126
966
707
283
529
112
341
314
542
211
880
83
213
553
560
389
804
316
534
599
652
890
527
433
225
401
804
575
808
669
149
326
74
914
30
907
114
399
591
654
382
873
594
246
399
95
20
364
996
958
583
592
352
712
0
216
39
589
531
551
856
685
940
816
253
298
726
149
752
50
218
255
889
28
864
373
842
870
852
655
97
181
22
851
217
936
852
142
12
528
236
319
205
970
635
41
961
319
161
800
519
794
128
327
503
199
586
644
416
203
441
609
226
769
792
848
935
491
233
193
505
901
23
306
533
882
152
5
652
137
561
907
674
313
989
403
159
790
169
642
207
304
409
176
968
583
892
124
580
891
390
256
963
924
485
183
218
829
764
922
124
165
968
452
628
562
470
552
37
446
52
92
49
653
411
186
696
974
455
84
704
676
33
451
799
822
347
730
994
771
21
617
961
608
439
280
165
342
722
844
559
653
470
855
302
631
182
871
126
447
82
59
688
115
939
723
511
552
358
951
857
981
922
176
218
253
509
284
908
123
114
59
645
588
469
175
889
405
840
643
136
581
413
611
331
144
816
678
63
789
432
448
225
54
336
841
361
508
886
831
42
110
221
650
211
226
178
166
574
63
428
115
827
186
964
83
696
568
415
670
513
147
38
37
344
166
679
164
455
694
410
447
286
570
58
954
923
690
319
559
497
997
713
376
839
726
202
415
208
508
886
135
883
658
846
613
941
584
835
405
602
582
257
745
105
398
565
657
193
854
980
696
954
535
239
518
909
981
873
190
995
93
391
183
289
499
612
273
140
420
327
180
633
187
392
607
187
945
340
501
434
196
624
769
431
829
616
407
693
959
587
945
484
408
964
431
317
974
326
681
612
645
744
362
41
805
273
612
161
81
630
248
561
897
363
319
887
985
76
711
820
65
639
723
246
692
620
92
646
735
600
686
983
347
409
230
172
303
804
721
565
523
562
895
738
202
471
