137
699
492
618
38
538
397
661
471
122
577
352
485
979
983
584
343
222
795
974
22
559
142
887
148
291
563
920
796
849
473
674
730
747
82
687
51
776
108
393
965
666
401
80
345
400
50
910
28
890
844
191
335
711
31
270
158
162
154
604
17
21
354
791
936
962
971
603
613
747
442
372
364
15
452
358
488
670
79
134
295
631
175
361
771
980
551
773
975
342
639
615
595
673
157
270
759
510
978
321
94
110
839
812
255
865
734
77
596
822
866
77
470
144
771
838
648
855
829
244
702
292
707
133
798
244
395
366
243
907
431
315
289
410
557
984
169
862
572
822
70
567
344
110
744
319
14
723
799
439
224
953
239
547
796
39
731
865
661
28
184
262
10
600
660
100
554
516
352
414
526
446
325
888
532
9
5
613
663
12
941
608
329
21
185
651
130
617
762
80
700
888
85
785
859
998
833
829
623
939
791
751
556
902
352
882
733
69
928
677
83
981
295
415
230
90
986
353
8
510
207
816
730
493
376
536
934
653
340
971
774
485
492
247
436
321
525
859
973
460
312
229
720
833
450
753
19
246
335
38
344
919
257
601
14
791
873
424
604
798
611
410
867
138
998
973
418
343
649
686
707
843
666
182
831
586
486
255
549
193
821
421
461
66
163
38
682
869
488
460
508
772
216
572
502
928
167
519
153
693
275
377
758
226
47
20
461
216
341
458
445
672
829
481
125
888
661
517
800
934
193
256
653
286
362
704
143
479
199
54
847
13
248
946
516
76
146
423
669
50
425
204
361
142
688
653
839
999
658
195
694
553
232
781
770
941
633
409
511
810
904
639
685
937
518
493
385
680
624
145
8
403
493
303
491
695
73
266
383
889
160
205
520
135
582
354
915
994
984
429
212
380
231
790
490
426
191
555
477
752
701
137
251
476
762
436
324
230
651
229
602
383
452
134
83
666
664
902
322
372
986
674
623
387
42
294
639
344
841
697
560
299
993
925
367
493
278
314
659
880
984
972
449
340
531
739
913
699
308
457
505
943
314
508
26
316
135
272
231
284
57
360
256
725
595
236
752
93
535
85
856
682
676
633
271
610
785
917
584
582
963
910
609
30
497
279
991
737
520
490
498
653
259
954
482
198
424
874
705
975
343
992
353
500
771
498
353
237
925
925
282
952
159
9
18
178
906
100
8
349
941
924
474
997
743
200
152
253
801
844
155
784
945
279
416
198
409
687
705
915
163
851
633
462
216
611
201
170
1
883
376
286
653
574
907
583
994
730
118
660
289
730
638
258
389
347
157
61
717
97
104
689
645
331
769
772
213
184
819
296
819
624
331
657
446
528
426
224
241
929
373
529
783
321
526
617
141
165
785
473
964
583
384
911
131
520
650
782
193
556
75
866
723
928
434
349
917
272
953
362
260
29
491
670
841
486
505
204
956
925
120
835
958
405
974
447
928
314
640
119
629
918
318
980
391
800
203
69
998
260
372
396
429
454
324
208
278
301
300
379
997
948
348
739
697
911
691
123
65
817
319
869
135
74
895
541
61
668
996
650
727
718
443
261
38
417
955
441
996
423
655
657
201
844
33
391
268
476
778
437
728
59
565
567
424
943
253
527
24
673
146
592
275
718
965
255
841
762
883
947
76
719
560
103
899
917
374
286
993
692
193
511
942
972
868
428
529
308
293
500
368
198
345
864
220
484
191
123
863
60
481
949
114
139
727
974
682
824
714
128
835
808
154
292
496
603
902
834
255
817
971
381
967
650
278
947
70
957
498
380
456
954
683
926
805
844
318
606
521
478
299
3
42
413
923
10
130
589
350
73
896
238
152
461
731
491
504
139
37
612
295
894
603
752
937
466
782
580
927
560
135
214
287
804
48
379
848
880
961
871
972
317
197
955
712
667
93
524
594
96
65
516
194
717
475
274
396
386
705
309
800
12
608
185
6
901
624
50
656
56
166
671
928
863
565
720
887
84
756
422
511
634
102
646
420
159
239
945
368
86
593
76
317
395
260
29
464
68
275
677
990
837
911
705
347
617
531
658
884
717
683
513
247
775
622
451
480
118
107
142
11
160
416
143
719
290
760
771
107
650
890
107
200
120
536
657
152
828
460
512
725
508
344
807
703
46
405
664
76
664
649
785
279
259
928
364
88
568
499
980
828
992
643
727
380
101
977
896
128
76
519
149
353
604
207
285
829
26
556
367
273
863
344
185
117
200
756
805
567
781
208
179
224
107
142
644
666
236
458
448
243
504
879
308
986
874
478
428
999
144
783
305
907
858
387
138
913
324
737
627
847
806
821
501
108
602
825
130
767
438
411
214
224
306
188
601
716
673
102
995
654
727
919
449
258
197
746
268
185
112
504
209
887
732
600
595
267
849
614
308
760
535
663
441
373
462
275
767
365
863
999
66
178
298
700
807
962
415
466
624
536
38
323
523
897
7
498
786
470
408
813
88
129
976
866
441
640
721
114
169
586
74
560
311
37
124
784
492
174
860
224
523
846
686
179
761
560
825
780
478
724
702
255
363
56
777
176
561
945
840
37
548
215
226
391
534
161
13
31
31
986
774
137
648
719
107
117
212
516
772
890
816
789
937
705
438
958
737
184
403
751
65
195
21
874
290
304
448
577
362
22
933
89
618
816
386
177
428
823
387
83
711
570
589
931
276
508
726
281
880
97
291
879
873
271
336
825
311
561
708
294
456
840
499
692
660
672
430
612
718
467
393
241
932
226
392
936
262
486
682
537
167
169
997
587
949
442
370
69
670
368
197
437
16
86
885
685
793
473
620
978
91
783
565
852
537
549
28
363
492
93
993
596
449
382
703
886
428
586
879
703
601
619
556
629
993
163
419
52
625
146
39
236
72
413
334
147
85
382
169
57
536
807
18
224
669
375
227
114
377
752
504
520
959
885
962
626
623
791
162
540
797
837
356
54
204
488
358
443
483
837
260
908
116
788
474
877
316
626
489
756
531
867
15
859
238
661
169
201
716
789
722
570
573
215
421
753
911
471
899
131
124
667
679
855
523
768
375
734
131
883
232
516
279
697
818
714
833
860
784
279
211
95
317
406
660
26
114
501
606
237
444
893
287
877
146
153
291
209
222
996
60
843
993
637
899
63
703
81
561
551
798
318
973
42
89
566
294
901
433
758
53
415
585
190
768
601
374
871
125
697
439
417
459
84
321
473
44
298
846
564
425
958
375
942
835
882
667
492
565
411
843
978
977
974
144
981
781
213
980
663
66
594
64
102
547
245
245
312
476
964
60
223
632
700
878
831
904
561
983
461
996
372
871
551
923
57
549
705
94
699
645
765
919
935
686
541
110
459
998
445
50
811
292
682
860
282
153
848
103
742
331
749
375
400
948
999
369
72
459
509
422
273
514
264
925
580
634
904
457
29
985
488
955
987
383
479
771
846
62
426
971
81
683
51
831
720
505
424
82
26
643
721
68
248
862
597
685
613
416
575
621
362
1
954
194
505
59
667
784
155
266
201
710
751
254
142
167
217
320
205
735
114
99
584
818
150
993
321
327
989
405
949
817
151
702
72
320
951
189
671
86
841
255
897
485
216
313
795
435
747
108
941
760
555
441
228
78
92
404
110
937
437
781
466
141
801
327
861
425
447
283
385
899
898
630
458
969
255
245
941
765
687
371
651
464
676
513
900
268
384
185
23
227
605
716
906
529
114
661
451
369
864
243
527
1
426
640
432
142
239
871
92
449
746
488
218
386
256
273
442
462
411
684
8
457
466
817
926
960
217
265
653
273
281
363
244
487
620
957
608
341
650
4
998
266
14
63
85
909
105
919
18
283
742
410
662
612
959
808
848
908
744
935
781
248
700
585
962
792
17
714
894
553
863
266
565
60
277
518
205
121
907
258
89
41
505
190
240
823
896
476
706
46
268
429
721
384
8
993
486
951
988
785
456
969
163
153
25
575
563
939
231
921
302
340
645
127
0
577
915
36
106
852
528
205
977
435
257
984
185
570
359
118
482
317
99
775
24
345
341
526
954
169
967
387
228
329
681
652
572
508
282
942
839
657
884
570
609
788
639
49
769
193
458
336
17
513
902
206
631
271
881
936
640
155
66
379
503
632
922
341
724
209
124
143
411
983
668
144
632
945
405
14
571
890
852
548
926
664
100
840
659
924
329
709
224
540
968
402
665
271
803
675
491
356
415
581
107
237
144
441
673
698
451
733
629
337
900
869
848
430
222
148
289
921
852
463
278
511
106
718
60
515
698
279
52
479
581
205
327
327
233
451
200
150
355
716
425
612
607
97
470
374
470
290
490
821
510
606
148
891
346
706
173
749
391
569
603
618
8
898
990
102
55
836
453
930
947
611
350
192
224
485
526
744
353
165
542
685
928
670
12
484
686
468
223
605
814
637
473
237
803
649
178
38
717
388
623
668
129
943
407
207
101
753
34
505
577
707
807
889
207
882
183
671
201
696
993
338
14
399
493
372
800
974
39
179
355
731
283
707
948
96
181
941
793
359
790
619
169
434
756
191
90
3
665
255
239
778
921
448
387
983
612
46
820
592
937
324
423
278
71
81
916
551
48
581
407
12
115
582
871
244
243
42
377
398
961
553
871
158
435
559
153
372
769
921
179
343
848
467
232
433
618
729
583
371
636
219
207
441
844
201
766
465
30
149
588
372
126
744
581
949
542
545
86
293
8
209
450
368
12
482
742
44
731
968
358
933
537
105
469
408
571
630
165
154
560
290
882
746
75
462
218
793
661
904
488
362
847
827
468
525
833
67
602
110
819
210
577
920
272
143
581
980
145
652
741
640
984
378
221
683
135
641
189
969
716
387
418
474
896
803
588
65
25
927
437
733
580
934
829
548
499
648
393
42
405
207
912
325
432
772
781
775
854
610
906
755
466
872
172
447
727
938
198
554
15
215
394
324
928
905
524
60
477
343
825
64
182
179
475
735
538
841
623
366
58
435
482
39
96
490
7
907
989
709
477
48
591
223
926
55
174
642
716
454
777
610
717
117
537
429
490
811
219
781
602
131
151
521
681
178
55
999
119
437
779
426
399
514
802
314
833
562
456
142
174
472
245
993
930
143
258
70
414
461
692
674
539
908
676
448
106
108
138
417
874
965
259
642
998
500
105
117
556
905
423
845
703
836
212
948
701
467
597
7
483
358
756
802
628
777
118
71
656
706
830
889
280
407
523
810
873
65
767
961
713
765
160
856
714
732
959
844
245
567
270
717
348
987
310
215
109
386
961
863
213
402
884
819
721
556
718
187
948
946
515
567
892
904
375
416
48
543
426
214
606
88
696
279
959
943
130
539
177
534
992
511
592
31
166
243
927
227
409
995
481
980
433
983
688
863
824
618
46
841
175
254
760
111
492
657
696
477
897
42
151
996
859
759
739
956
740
458
210
646
199
824
321
785
112
776
996
922
997
380
868
615
603
578
970
670
215
236
756
299
463
948
885
606
873
503
175
417
199
896
935
94
598
296
420
671
52
467
547
301
45
665
70
761
401
217
386
514
355
596
784
618
384
998
437
584
69
139
692
147
261
246
248
795
139
964
589
825
306
222
703
615
959
946
418
814
269
868
898
128
580
555
760
449
691
266
982
116
508
151
302
232
600
841
58
62
746
476
508
723
386
788
496
577
6
934
966
938
877
399
239
1
228
443
129
152
911
223
978
181
830
962
429
222
933
270
262
685
356
978
985
811
407
687
912
953
408
537
373
157
75
596
337
136
48
636
187
238
347
47
581
632
68
28
359
486
359
266
219
575
782
773
463
424
490
646
441
766
268
91
476
843
359
165
918
822
199
341
716
409
600
189
308
527
695
178
936
831
947
825
485
655
836
228
781
959
410
292
859
752
756
821
110
448
578
988
359
651
487
624
865
862
343
188
954
704
936
214
505
355
570
584
784
999
692
931
183
299
493
91
270
59
540
566
181
494
899
614
789
780
860
698
285
834
347
729
757
611
318
753
112
559
991
447
237
228
510
99
574
484
771
529
400
206
461
744
986
806
18
21
442
453
153
447
514
400
751
963
813
389
481
322
949
713
204
461
844
148
298
235
32
636
377
559
132
286
469
578
787
995
624
607
262
762
82
218
608
523
593
66
740
196
231
704
51
457
20
943
205
645
36
33
563
132
194
285
297
418
802
560
626
199
108
448
752
670
480
845
28
347
580
55
594
789
845
531
238
669
900
852
501
823
40
539
114
24
760
902
717
454
417
172
404
62
524
798
79
271
801
936
771
752
114
849
34
352
628
131
319
570
46
421
723
397
583
554
831
714
409
882
492
930
668
860
196
975
805
835
425
312
853
401
756
144
564
584
737
576
719
618
532
90
738
28
145
336
759
297
564
878
677
418
542
274
242
248
827
556
223
669
589
956
798
240
456
509
796
179
62
987
146
244
241
474
917
325
56
753
608
305
629
635
951
104
395
256
334
610
691
392
100
588
844
802
393
572
784
707
940
143
967
527
131
988
887
141
26
611
734
46
476
596
819
973
363
883
228
696
82
590
820
16
771
559
33
146
480
914
223
22
420
644
171
381
645
401
177
801
94
462
679
294
640
75
655
423
947
227
159
413
245
174
211
150
794
984
926
506
737
721
215
961
226
823
575
56
219
705
538
808
76
602
82
890
172
189
905
977
32
583
784
436
135
903
392
186
417
694
822
379
662
160
789
298
441
351
918
712
991
133
806
776
438
35
561
442
61
835
334
266
894
54
968
451
795
351
246
923
282
206
400
266
822
149
451
373
10
251
700
740
20
526
179
436
992
414
133
910
575
520
719
980
656
344
886
511
437
839
83
551
395
220
823
933
344
634
311
644
770
953
345
592
835
177
406
745
988
675
444
995
886
764
103
540
437
943
311
985
112
406
958
889
331
372
89
930
661
125
474
478
722
616
612
858
246
928
243
253
444
904
245
789
934
761
307
23
752
565
159
767
649
29
244
866
703
233
635
358
501
475
668
206
557
683
265
597
395
509
138
706
742
471
123
655
547
284
688
337
159
839
270
726
832
95
456
260
866
565
189
885
132
917
129
415
425
703
987
915
67
142
186
911
455
401
473
380
806
843
147
636
161
246
459
414
834
117
317
685
885
814
874
9
855
339
738
498
968
386
542
796
240
375
322
843
441
3
730
558
669
90
388
2
353
307
796
14
891
706
84
819
745
867
556
583
749
824
402
454
587
924
195
177
894
185
767
7
178
742
846
238
834
482
429
362
825
22
154
552
240
790
118
897
813
52
452
574
662
426
686
933
971
548
373
284
66
318
724
52
349
370
16
811
858
181
357
663
807
561
994
345
295
82
701
443
548
388
980
82
454
207
702
533
869
347
580
203
156
888
327
623
680
299
655
152
529
217
340
293
574
196
406
709
81
806
116
254
467
86
860
607
491
516
238
352
114
329
566
715
483
217
834
479
30
226
628
16
477
891
882
758
589
497
401
908
911
657
959
640
351
299
471
566
389
522
145
783
902
732
738
372
87
932
75
850
723
12
725
673
52
436
339
600
906
765
449
366
319
30
716
904
715
127
449
59
6
997
968
561
309
593
826
829
791
311
147
46
138
806
393
807
430
922
667
572
821
723
270
112
240
484
585
80
512
862
541
885
685
347
833
63
71
557
800
420
501
874
364
323
544
421
707
649
994
412
443
61
766
454
874
491
442
464
542
919
100
494
709
810
748
896
577
856
608
942
33
988
766
233
447
986
190
961
601
378
942
373
113
763
465
590
851
117
204
270
667
123
450
460
480
82
238
416
135
491
296
52
715
967
578
181
977
755
637
696
348
754
160
329
509
600
329
750
909
73
249
276
713
831
613
645
552
198
914
913
172
557
992
741
522
704
436
43
85
371
350
188
283
17
339
772
600
898
105
227
669
369
924
403
929
354
427
633
643
924
491
653
969
974
811
229
528
48
644
263
404
461
533
668
783
21
345
317
510
809
779
928
699
647
631
834
129
160
481
207
596
554
139
450
553
543
146
159
370
171
869
256
262
644
214
661
493
633
834
109
767
981
723
564
809
129
505
988
16
110
328
103
729
435
218
197
84
741
948
916
664
650
949
499
127
895
585
862
806
371
122
482
821
486
95
86
588
829
349
735
751
945
944
8
440
729
279
645
488
773
243
189
671
796
947
876
309
152
586
263
590
293
303
865
795
986
488
374
196
2
812
873
775
17
445
811
59
429
302
438
340
870
915
785
209
235
455
274
899
179
745
527
161
146
617
938
499
163
828
175
403
850
820
838
880
278
40
107
950
629
191
397
998
830
724
689
821
732
153
426
971
676
261
617
519
748
68
42
686
387
528
295
877
473
255
684
533
515
255
944
864
36
518
48
989
826
582
384
189
276
611
8
25
636
346
667
817
639
294
836
563
640
883
30
730
80
892
294
442
833
383
827
540
742
515
406
638
443
79
407
798
407
348
979
686
962
806
116
93
966
681
200
547
689
720
865
300
435
570
856
383
394
205
968
560
237
315
8
957
986
257
170
853
791
136
184
646
320
885
74
249
628
735
399
277
511
301
402
199
566
632
578
267
398
945
786
451
675
451
196
775
21
632
16
442
55
556
190
865
253
345
956
273
665
699
483
870
962
467
556
597
719
599
662
463
322
488
660
34
394
595
645
126
175
472
539
954
865
803
385
15
544
806
355
723
903
422
949
431
702
41
989
765
560
103
521
369
405
839
927
33
680
549
152
875
185
317
142
740
252
743
325
176
821
333
167
450
842
474
649
812
368
477
800
865
630
70
248
235
380
831
137
921
784
495
660
613
194
760
856
31
193
216
323
785
419
273
968
576
801
517
943
620
997
759
466
988
50
147
338
232
463
97
550
27
188
481
548
780
299
463
398
103
440
597
297
826
494
343
642
725
306
924
109
477
697
550
24
447
474
383
658
772
587
270
890
888
124
170
159
54
351
439
488
689
601
595
866
285
379
963
253
495
734
645
999
528
572
592
518
314
294
164
664
84
889
455
344
848
338
828
582
988
1
572
413
649
464
313
692
837
194
847
174
192
206
324
948
199
894
354
680
213
92
387
873
33
441
934
813
915
109
572
686
884
997
392
836
880
583
554
77
803
712
837
460
801
724
673
931
207
525
936
871
358
347
896
581
187
239
132
416
861
513
859
401
939
734
103
866
486
101
373
805
334
462
993
478
219
568
81
967
820
592
211
273
844
389
162
836
146
438
827
235
575
940
232
252
617
50
851
364
187
832
885
239
868
96
926
780
728
932
493
780
363
408
230
323
185
598
209
653
109
838
612
325
667
864
313
139
293
277
254
514
989
590
322
666
820
993
390
231
728
820
517
704
976
645
872
401
108
865
800
487
695
615
608
953
318
856
43
370
129
534
173
631
100
768
337
890
530
126
114
383
707
187
803
842
629
758
738
774
588
293
868
952
14
313
424
111
383
849
180
944
213
278
740
227
87
167
559
76
461
166
891
100
477
328
651
472
373
656
305
777
145
151
190
792
991
73
372
259
747
662
38
81
939
102
626
323
303
73
400
850
643
848
914
439
644
522
888
705
854
627
325
258
375
77
326
97
935
123
926
330
923
759
482
9
643
783
575
14
539
592
110
637
368
576
366
771
341
924
979
389
70
510
473
264
748
534
794
776
362
512
433
977
906
268
173
991
488
576
168
283
952
220
83
258
142
289
254
160
203
703
400
273
380
117
245
977
644
513
501
277
64
93
81
78
278
249
56
608
594
768
856
62
218
682
413
779
876
564
494
985
595
439
255
408
763
906
113
908
643
491
429
553
431
762
103
487
556
211
109
295
424
471
229
545
957
5
697
599
332
986
255
821
89
760
142
805
325
905
917
328
69
626
559
288
24
940
245
31
799
874
332
121
420
672
542
757
391
846
97
800
824
748
537
562
192
235
275
347
62
885
521
965
773
221
55
358
395
312
475
764
458
193
992
818
882
530
490
362
263
76
637
737
160
521
15
799
325
517
848
940
864
782
709
937
179
423
693
561
158
809
945
469
478
616
116
69
105
925
234
726
1
607
767
888
840
557
122
443
47
733
656
924
776
368
334
939
573
176
544
577
311
846
204
405
654
609
234
36
763
254
670
237
132
470
162
944
503
53
388
602
537
126
962
731
508
177
720
687
641
431
905
196
806
803
658
312
230
417
372
145
540
482
960
860
949
144
782
157
621
759
26
710
317
948
616
787
192
677
307
603
260
592
475
780
373
767
285
659
751
81
296
116
17
435
301
958
423
137
175
935
448
843
767
898
234
598
423
675
390
692
556
754
538
227
790
990
587
512
595
148
170
707
4
246
805
352
953
350
373
815
36
681
213
995
952
624
682
18
759
541
357
77
95
41
105
18
904
751
195
737
842
462
196
984
469
941
926
683
512
627
875
478
8
895
569
792
864
548
87
331
444
749
542
635
119
637
653
967
315
473
682
549
484
268
900
943
633
499
450
133
434
716
932
693
742
517
290
307
316
656
628
735
853
787
357
299
40
673
724
850
151
521
95
200
900
466
565
984
651
143
380
963
810
690
386
871
200
516
215
968
490
638
217
644
292
432
178
546
383
184
751
920
597
933
112
75
346
692
788
132
382
300
780
538
391
838
84
96
212
744
444
672
23
515
726
79
611
147
605
77
943
288
350
863
580
395
369
920
172
69
836
563
135
137
165
123
862
970
296
205
280
22
786
141
341
510
466
310
75
745
973
733
176
630
857
999
693
453
23
335
280
206
247
366
658
339
131
931
364
989
372
116
636
491
455
534
251
180
913
747
477
295
112
674
854
72
120
740
382
989
580
506
840
451
679
557
385
148
240
423
274
698
667
410
547
203
17
309
774
790
687
82
514
279
350
800
962
627
539
290
372
937
963
189
246
390
19
352
929
636
153
854
223
867
700
155
868
968
582
331
233
936
778
682
400
995
778
420
847
648
355
603
351
257
835
949
333
599
730
679
821
246
17
72
375
544
568
989
851
447
256
234
591
425
23
228
735
224
755
180
622
270
190
584
900
148
168
641
839
647
457
946
509
568
94
563
950
622
616
450
200
498
836
30
36
399
836
610
623
125
667
235
806
96
840
546
672
524
67
149
113
344
876
58
596
375
647
754
998
649
348
550
377
771
751
971
820
710
185
63
40
404
940
668
235
135
310
910
824
731
840
371
79
241
802
681
338
903
76
556
422
892
595
610
153
549
267
658
343
549
816
566
456
712
292
168
202
992
107
165
697
517
318
450
451
386
536
764
382
385
298
163
257
653
928
335
422
850
926
401
494
320
736
477
696
307
247
948
862
306
782
66
748
252
428
267
187
322
469
300
764
831
383
103
